4294967278,400
4294967278,399
180,69
180,68
180,67
180,66
180,65
180,64
180,36
180,35
180,34
180,33
180,32
180,31
180,30
180,29
180,28
180,27
180,26
180,25
180,24
180,23
180,22
180,21
180,20
180,19
180,18
180,17
180,16
180,15
180,14
180,13
180,12
180,11
180,10
180,9
180,8
180,7
180,6
180,5
180,4
180,3
180,2
180,1
180,0
179,4
179,3
179,2
179,1
179,0
178,4
178,3
178,2
178,1
178,0
170,8
170,7
170,6
170,5
4294967279,521
177,69
177,68
177,67
177,66
177,65
177,64
177,36
177,35
177,34
177,33
177,32
177,31
177,30
177,29
177,28
177,27
177,26
177,25
177,24
177,23
177,22
177,21
177,20
177,19
177,18
177,17
177,16
177,15
177,14
177,13
177,12
177,11
177,10
177,9
177,8
177,7
177,6
177,5
177,4
177,3
177,2
177,1
177,0
176,4
176,3
176,2
176,1
176,0
175,4
175,3
175,2
175,1
175,0
174,4
174,3
174,2
174,1
174,0
173,4
173,3
173,2
173,1
173,0
172,4
172,3
172,2
172,1
172,0
171,4
171,3
171,2
171,1
171,0
170,4
170,3
170,2
170,1
170,0
4294967294,942
4294967294,489
4294967278,398
4294967279,520
4294967279,519
4294967278,397
4294967278,396
169,69
169,68
169,67
169,66
169,65
169,64
169,36
169,35
169,34
169,33
169,32
169,31
169,30
169,29
169,28
169,27
169,26
169,25
169,24
169,23
169,22
169,21
169,20
169,19
169,18
169,17
169,16
169,15
169,14
169,13
169,12
169,11
169,10
169,9
169,8
169,7
169,6
169,5
169,4
169,3
169,2
169,1
169,0
168,4
168,3
168,2
168,1
168,0
167,4
167,3
167,2
167,1
167,0
166,4
166,3
166,2
166,1
166,0
4294967279,518
165,4
165,3
165,2
165,1
165,0
4294967279,517
164,4
164,3
164,2
164,1
164,0
4294967279,516
163,4
163,3
163,2
163,1
163,0
162,4
162,3
162,2
162,1
162,0
4294967279,515
161,4
161,3
161,2
161,1
161,0
160,4
160,3
160,2
160,1
160,0
159,4
159,3
159,2
159,1
159,0
4294967279,514
158,4
158,3
158,2
158,1
158,0
4294967279,513
157,4
157,3
157,2
157,1
157,0
4294967278,395
156,4
156,3
156,2
156,1
156,0
155,4
155,3
155,2
155,1
155,0
154,4
154,3
154,2
154,1
154,0
153,4
153,3
153,2
153,1
153,0
4294967278,394
152,4
152,3
152,2
152,1
152,0
151,4
151,3
151,2
151,1
151,0
150,4
150,3
150,2
150,1
150,0
4294967278,393
149,4
149,3
149,2
149,1
149,0
148,4
148,3
148,2
148,1
148,0
147,4
147,3
147,2
147,1
147,0
146,4
146,3
146,2
146,1
146,0
4294967279,512
145,4
145,3
145,2
145,1
145,0
144,4
144,3
144,2
144,1
144,0
143,4
143,3
143,2
143,1
143,0
142,4
142,3
142,2
142,1
142,0
141,4
141,3
141,2
141,1
141,0
4294967278,392
140,4
140,3
140,2
140,1
140,0
139,4
139,3
139,2
139,1
139,0
138,4
138,3
138,2
138,1
138,0
137,4
137,3
137,2
137,1
137,0
136,4
136,3
136,2
136,1
136,0
135,4
135,3
135,2
135,1
135,0
134,4
134,3
134,2
134,1
134,0
4294967279,315
133,4
133,3
133,2
133,1
133,0
132,4
132,3
132,2
132,1
132,0
131,4
131,3
131,2
131,1
131,0
130,4
130,3
130,2
130,1
130,0
129,4
129,3
129,2
129,1
129,0
128,4
128,3
128,2
128,1
128,0
4294967279,311
127,4
127,3
127,2
127,1
127,0
126,4
126,3
126,2
126,1
126,0
125,4
125,3
125,2
125,1
125,0
124,4
124,3
124,2
124,1
124,0
123,4
123,3
123,2
123,1
123,0
122,4
122,3
122,2
122,1
122,0
121,4
121,3
121,2
121,1
121,0
4294967279,266
120,4
120,3
120,2
120,1
120,0
119,4
119,3
119,2
119,1
119,0
4294967279,263
118,4
118,3
118,2
118,1
118,0
117,4
117,3
117,2
117,1
117,0
116,4
116,3
116,2
116,1
116,0
115,4
115,3
115,2
115,1
115,0
114,4
114,3
114,2
114,1
114,0
113,4
113,3
113,2
113,1
113,0
112,4
112,3
112,2
112,1
112,0
4294967279,251
111,4
111,3
111,2
111,1
111,0
110,4
110,3
110,2
110,1
110,0
4294967279,249
109,4
109,3
109,2
109,1
109,0
108,4
108,3
108,2
108,1
108,0
107,4
107,3
107,2
107,1
107,0
106,4
106,3
106,2
106,1
106,0
105,4
105,3
105,2
105,1
105,0
104,4
104,3
104,2
104,1
104,0
103,4
103,3
103,2
103,1
103,0
102,4
102,3
102,2
102,1
102,0
101,4
101,3
101,2
101,1
101,0
100,4
100,3
100,2
100,1
100,0
4294967278,391
99,4
99,3
99,2
99,1
99,0
98,4
98,3
98,2
98,1
98,0
97,4
97,3
97,2
97,1
97,0
4294967279,238
96,4
96,3
96,2
96,1
96,0
95,4
95,3
95,2
95,1
95,0
94,4
94,3
94,2
94,1
94,0
4294967279,235
93,4
4294967278,390
93,3
